100 100 100 100 100 100 100 100 100 100 100 100 100 100 100 100 
150 150 150 150 125 125 125 125 100 100 100 100 100 100 100 100 
100 100 100 100 100 100 100 100 100 100 100 100 100 100 100 100 
150 150 150 150 125 125 125 125 100 100 100 100 100 100 100 100 
175 175 175 175 150 150 150 150 125 125 125 125 100 100 100 100 
125 125 125 125 100 100 100 100 100 100 100 100 100 100 100 100 
100 100 100 100 100 100 100 100 100 100 100 100 100 100 100 100 
100 100 100 100 100 100 100 100 100 100 100 100 100 100 100 100 
100 100 100 100 100 100 100 100 100 100 100 100 100 100 100 100 
0	0	0	0	0	0	0	0	0	0	0	0	0	0	0	0	
75	75	75	75	75	75	75	75	75	75	75	75	75	75	75	75	
65	65	65	65	65	65	65	65	65	65	65	65	65	65	65	65	
50	50	50	50	50	50	50	50	50	50	50	50	50	50	50	50	
